sección censal,renta media por persona
2807901001,22891.0
2807901002,14608.0
2807901003,16141.0
2807901004,25722.0
2807901006,0.0
2807901007,17711.0
2807901008,19651.0
2807901009,19027.0
2807901011,18133.0
2807901012,14083.0
2807901013,12841.0
2807901014,16026.0
2807901015,16210.0
2807901016,17126.0
2807901018,17535.0
2807901019,18676.0
2807901020,15467.0
2807901021,16038.0
2807901022,15074.0
2807901023,12106.0
2807901024,14580.0
2807901025,16313.0
2807901026,18108.0
2807901027,17225.0
2807901028,13159.0
2807901029,12237.0
2807901030,10656.0
2807901031,10892.0
2807901032,14189.0
2807901033,11931.0
2807901034,9391.0
2807901035,10410.0
2807901036,11871.0
2807901037,11672.0
2807901038,10526.0
2807901039,11804.0
2807901040,12267.0
2807901041,11953.0
2807901042,12045.0
2807901043,10366.0
2807901045,13294.0
2807901046,13536.0
2807901047,11614.0
2807901048,10739.0
2807901049,10952.0
2807901050,11438.0
2807901051,11536.0
2807901053,13913.0
2807901054,11675.0
2807901055,14740.0
2807901056,14517.0
2807901057,17301.0
2807901058,17253.0
2807901059,16039.0
2807901061,17885.0
2807901062,19355.0
2807901063,19260.0
2807901064,19904.0
2807901065,19143.0
2807901066,14008.0
2807901067,18739.0
2807901068,18600.0
2807901069,17014.0
2807901071,22748.0
2807901072,24751.0
2807901073,29364.0
2807901074,17445.0
2807901075,15178.0
2807901076,15992.0
2807901077,19840.0
2807901079,19120.0
2807901081,15522.0
2807901082,17786.0
2807901084,25476.0
2807901087,29364.0
2807901088,24323.0
2807901089,19808.0
2807901090,20159.0
2807901091,16130.0
2807901092,15687.0
2807901093,15360.0
2807901094,15227.0
2807901095,15781.0
2807901096,12913.0
2807901097,15230.0
2807901098,13914.0
2807901099,14818.0
2807901100,14732.0
2807901101,14373.0
2807901102,14289.0
2807901103,21786.0
2807901104,15378.0
2807901105,17964.0
2807901106,21169.0
2807901107,23979.0
2807901108,19819.0
2807901109,14438.0
2807901110,14043.0
2807901111,17054.0
2807901112,15581.0
2807901113,12892.0
2807901114,14913.0
2807901115,15436.0
2807901116,13926.0
2807901117,16171.0
2807901118,14729.0
2807901119,13241.0
2807901120,15944.0
2807901121,16594.0
2807901123,17298.0
2807901124,18376.0
2807902001,17484.0
2807902002,15342.0
2807902003,17528.0
2807902004,17038.0
2807902005,15880.0
2807902006,17416.0
2807902007,16970.0
2807902008,16395.0
2807902009,21699.0
2807902010,16598.0
2807902011,17855.0
2807902013,17930.0
2807902014,18340.0
2807902015,15524.0
2807902016,20338.0
2807902017,19230.0
2807902018,21574.0
2807902019,22496.0
2807902020,19042.0
2807902021,15124.0
2807902022,14022.0
2807902023,15545.0
2807902024,16597.0
2807902025,13997.0
2807902026,16315.0
2807902027,17547.0
2807902028,11734.0
2807902029,11835.0
2807902030,16778.0
2807902031,19696.0
2807902032,16852.0
2807902033,15885.0
2807902034,15524.0
2807902035,13895.0
2807902036,14312.0
2807902037,16885.0
2807902038,14668.0
2807902039,16171.0
2807902040,14475.0
2807902041,13981.0
2807902042,14105.0
2807902043,12815.0
2807902044,12238.0
2807902045,12251.0
2807902046,9721.0
2807902047,10293.0
2807902048,12817.0
2807902049,18101.0
2807902050,12772.0
2807902051,17992.0
2807902052,17581.0
2807902053,18093.0
2807902054,13815.0
2807902055,16002.0
2807902056,14920.0
2807902057,12932.0
2807902058,12689.0
2807902059,14762.0
2807902060,15397.0
2807902061,15588.0
2807902062,13892.0
2807902063,14663.0
2807902064,15806.0
2807902065,15383.0
2807902066,18420.0
2807902067,11943.0
2807902068,11995.0
2807902069,15777.0
2807902070,16883.0
2807902071,16940.0
2807902072,15735.0
2807902073,16734.0
2807902074,16088.0
2807902075,14035.0
2807902077,15297.0
2807902078,16255.0
2807902079,16247.0
2807902080,18804.0
2807902081,16258.0
2807902082,12562.0
2807902083,14514.0
2807902085,20456.0
2807902086,18413.0
2807902087,22870.0
2807902088,14239.0
2807902089,19153.0
2807902090,17057.0
2807902091,18047.0
2807902092,20139.0
2807902093,16125.0
2807902094,23727.0
2807902095,21965.0
2807902096,24132.0
2807902097,20527.0
2807902098,20424.0
2807902099,18639.0
2807902100,18493.0
2807902101,22348.0
2807902102,18695.0
2807902103,22617.0
2807902104,21179.0
2807902105,20348.0
2807902106,19943.0
2807902107,21586.0
2807902108,23695.0
2807902109,21043.0
2807902110,23863.0
2807902111,
2807902112,
2807903001,26010.0
2807903002,15966.0
2807903003,18385.0
2807903004,15105.0
2807903005,14870.0
2807903006,19601.0
2807903007,14232.0
2807903008,17635.0
2807903009,18854.0
2807903010,19846.0
2807903011,17173.0
2807903012,19299.0
2807903013,17667.0
2807903014,18455.0
2807903015,15237.0
2807903016,12350.0
2807903017,18566.0
2807903018,16523.0
2807903019,21508.0
2807903020,16597.0
2807903021,16053.0
2807903022,12893.0
2807903023,16483.0
2807903024,16500.0
2807903025,18481.0
2807903026,17291.0
2807903027,14846.0
2807903028,18498.0
2807903029,21697.0
2807903030,25316.0
2807903031,18705.0
2807903032,20578.0
2807903033,17751.0
2807903034,20586.0
2807903035,22207.0
2807903036,24175.0
2807903037,24097.0
2807903038,23153.0
2807903039,23299.0
2807903040,23861.0
2807903041,21400.0
2807903042,20405.0
2807903044,21260.0
2807903045,22917.0
2807903046,23361.0
2807903047,19191.0
2807903048,19631.0
2807903049,20409.0
2807903050,21541.0
2807903051,20313.0
2807903052,18943.0
2807903053,16654.0
2807903054,23201.0
2807903055,16218.0
2807903056,20172.0
2807903057,21746.0
2807903058,18421.0
2807903059,15304.0
2807903060,20702.0
2807903061,17121.0
2807903062,20713.0
2807903063,19208.0
2807903064,24406.0
2807903065,21118.0
2807903066,18910.0
2807903067,27624.0
2807903069,29364.0
2807903070,29364.0
2807903071,29364.0
2807903073,21677.0
2807903074,20906.0
2807903076,22914.0
2807903077,24987.0
2807903078,24413.0
2807903079,18535.0
2807903080,26021.0
2807903081,29364.0
2807903082,29364.0
2807903084,25161.0
2807903085,28203.0
2807903086,20382.0
2807903087,23865.0
2807903088,19168.0
2807903089,20914.0
2807903090,24071.0
2807903091,25263.0
2807903092,24249.0
2807903093,25061.0
2807903094,23372.0
2807903095,21735.0
2807903096,22451.0
2807903097,18237.0
2807903098,16835.0
2807903099,17946.0
2807903100,
2807904001,29364.0
2807904002,29364.0
2807904003,29364.0
2807904004,29364.0
2807904005,29364.0
2807904006,29364.0
2807904007,29364.0
2807904008,24388.0
2807904009,29364.0
2807904010,29364.0
2807904011,26957.0
2807904012,29364.0
2807904013,29364.0
2807904014,23982.0
2807904015,28574.0
2807904016,25351.0
2807904017,25641.0
2807904018,22919.0
2807904019,24391.0
2807904020,24521.0
2807904021,21482.0
2807904023,24611.0
2807904024,18377.0
2807904025,20153.0
2807904026,19938.0
2807904027,17732.0
2807904028,21084.0
2807904029,26089.0
2807904030,22007.0
2807904031,23776.0
2807904032,18852.0
2807904033,20044.0
2807904034,20472.0
2807904035,20173.0
2807904036,21171.0
2807904037,19825.0
2807904038,20440.0
2807904039,22348.0
2807904040,24243.0
2807904041,18297.0
2807904042,28263.0
2807904043,21498.0
2807904044,20550.0
2807904045,18921.0
2807904046,19008.0
2807904047,18690.0
2807904048,17444.0
2807904049,15515.0
2807904050,16269.0
2807904051,15860.0
2807904052,16788.0
2807904053,16361.0
2807904054,18557.0
2807904055,19170.0
2807904056,21991.0
2807904057,18109.0
2807904058,18451.0
2807904060,15973.0
2807904061,21573.0
2807904062,19103.0
2807904063,17151.0
2807904064,22569.0
2807904065,19144.0
2807904067,20490.0
2807904068,20392.0
2807904069,18878.0
2807904070,17085.0
2807904071,17298.0
2807904072,18962.0
2807904073,21909.0
2807904074,19321.0
2807904075,22157.0
2807904076,23277.0
2807904077,25649.0
2807904078,24505.0
2807904079,22284.0
2807904080,26305.0
2807904081,24843.0
2807904082,21406.0
2807904083,19397.0
2807904084,19363.0
2807904085,17709.0
2807904086,19934.0
2807904087,19711.0
2807904088,19146.0
2807904089,16524.0
2807904090,17788.0
2807904091,16545.0
2807904092,19187.0
2807904093,15612.0
2807904094,20818.0
2807904095,17901.0
2807904096,23318.0
2807904097,26920.0
2807904098,25217.0
2807904099,18457.0
2807904100,22317.0
2807904101,18050.0
2807904102,18050.0
2807904103,19046.0
2807904104,19168.0
2807904105,21828.0
2807904106,16982.0
2807904107,24007.0
2807904108,20474.0
2807904109,20771.0
2807904110,20777.0
2807904111,24068.0
2807904112,23293.0
2807904113,27380.0
2807904114,29364.0
2807904115,29364.0
2807904116,29364.0
2807904117,29364.0
2807904118,29364.0
2807904119,29364.0
2807904120,29364.0
2807904121,29145.0
2807904123,25365.0
2807904124,22243.0
2807904126,26363.0
2807904127,23136.0
2807904128,19597.0
2807904129,28596.0
2807904130,28215.0
2807904131,
2807905001,29364.0
2807905002,29364.0
2807905003,29364.0
2807905004,29364.0
2807905005,29364.0
2807905006,29364.0
2807905007,29277.0
2807905008,29364.0
2807905009,29364.0
2807905010,29364.0
2807905011,19704.0
2807905012,20897.0
2807905013,27047.0
2807905014,18156.0
2807905015,20376.0
2807905016,16089.0
2807905017,16569.0
2807905018,15948.0
2807905019,16310.0
2807905020,17526.0
2807905021,14183.0
2807905022,15884.0
2807905023,20626.0
2807905024,17981.0
2807905025,17951.0
2807905026,19901.0
2807905027,17242.0
2807905028,16054.0
2807905029,15352.0
2807905030,14646.0
2807905031,18385.0
2807905032,17802.0
2807905033,22549.0
2807905034,21779.0
2807905035,20350.0
2807905036,23099.0
2807905037,24516.0
2807905038,25355.0
2807905039,22710.0
2807905040,15956.0
2807905041,12602.0
2807905042,16922.0
2807905043,23964.0
2807905044,17050.0
2807905045,15849.0
2807905046,16269.0
2807905047,15075.0
2807905048,18201.0
2807905049,23416.0
2807905051,22217.0
2807905052,23857.0
2807905053,27594.0
2807905054,26163.0
2807905055,22240.0
2807905056,19237.0
2807905057,19406.0
2807905058,19927.0
2807905059,17360.0
2807905060,18958.0
2807905061,27240.0
2807905062,28224.0
2807905063,24485.0
2807905064,29364.0
2807905065,21924.0
2807905066,29364.0
2807905067,27180.0
2807905068,29364.0
2807905069,29364.0
2807905070,29364.0
2807905072,28170.0
2807905073,29364.0
2807905074,29364.0
2807905075,29364.0
2807905076,29364.0
2807905077,29364.0
2807905078,29364.0
2807905079,22230.0
2807905080,18735.0
2807905081,24712.0
2807905082,29364.0
2807905083,19309.0
2807905084,24210.0
2807905085,29364.0
2807905086,19888.0
2807905087,22190.0
2807905088,22855.0
2807905089,23684.0
2807905090,18566.0
2807905091,17702.0
2807905092,13876.0
2807905094,22698.0
2807905095,27267.0
2807905096,19264.0
2807905097,26566.0
2807905098,16892.0
2807905099,21528.0
2807905100,28485.0
2807905101,20897.0
2807905102,27501.0
2807905103,
2807905104,
2807906001,13761.0
2807906002,12771.0
2807906003,13655.0
2807906004,11029.0
2807906005,10984.0
2807906006,11126.0
2807906007,13254.0
2807906008,11964.0
2807906009,14542.0
2807906010,18552.0
2807906011,12216.0
2807906012,11563.0
2807906013,10764.0
2807906014,12737.0
2807906015,10112.0
2807906016,10967.0
2807906017,10804.0
2807906018,12058.0
2807906019,9284.0
2807906021,10542.0
2807906023,18363.0
2807906024,17735.0
2807906025,12242.0
2807906026,17059.0
2807906027,22457.0
2807906028,29364.0
2807906029,25220.0
2807906031,22923.0
2807906032,15061.0
2807906033,13955.0
2807906034,13852.0
2807906035,12204.0
2807906036,13669.0
2807906037,13719.0
2807906038,27781.0
2807906039,24797.0
2807906040,26967.0
2807906041,19092.0
2807906042,14737.0
2807906043,15749.0
2807906044,20258.0
2807906045,19594.0
2807906046,25822.0
2807906048,25109.0
2807906049,21488.0
2807906050,18752.0
2807906051,21235.0
2807906052,16987.0
2807906053,15865.0
2807906054,15940.0
2807906056,12448.0
2807906057,16883.0
2807906058,18997.0
2807906059,25429.0
2807906060,17695.0
2807906061,18690.0
2807906062,29364.0
2807906063,29364.0
2807906064,29364.0
2807906065,29364.0
2807906066,20533.0
2807906067,14840.0
2807906068,14096.0
2807906069,14937.0
2807906070,21775.0
2807906071,28049.0
2807906072,19226.0
2807906073,10193.0
2807906074,10310.0
2807906075,12567.0
2807906076,16724.0
2807906077,16326.0
2807906078,14390.0
2807906079,18485.0
2807906080,12714.0
2807906081,9579.0
2807906084,7995.0
2807906085,10042.0
2807906089,10609.0
2807906090,10986.0
2807906091,11893.0
2807906092,13541.0
2807906093,10678.0
2807906094,11982.0
2807906095,11024.0
2807906096,10369.0
2807906097,11231.0
2807906098,10869.0
2807906099,9505.0
2807906101,11763.0
2807906102,11651.0
2807906103,13053.0
2807906104,10963.0
2807906105,12141.0
2807906106,12481.0
2807906107,14833.0
2807906108,10993.0
2807906109,11450.0
2807906110,11992.0
2807906111,14156.0
2807906112,10521.0
2807906113,12920.0
2807906114,12640.0
2807906115,10923.0
2807906116,11772.0
2807906117,13543.0
2807906118,12190.0
2807906119,12005.0
2807906120,10526.0
2807906121,12084.0
2807906122,13036.0
2807906123,10601.0
2807906124,11280.0
2807906125,20433.0
2807906126,12310.0
2807906127,10645.0
2807906128,11562.0
2807906129,11705.0
2807907001,20754.0
2807907002,18878.0
2807907003,16430.0
2807907004,18831.0
2807907005,17639.0
2807907006,21315.0
2807907007,19742.0
2807907008,24284.0
2807907009,16381.0
2807907010,18386.0
2807907011,16979.0
2807907012,18783.0
2807907013,20696.0
2807907014,18443.0
2807907016,16730.0
2807907017,19473.0
2807907018,20248.0
2807907019,22484.0
2807907021,26408.0
2807907023,22297.0
2807907024,19630.0
2807907025,17114.0
2807907026,18527.0
2807907028,18548.0
2807907030,16649.0
2807907031,18222.0
2807907032,15999.0
2807907034,15535.0
2807907035,16794.0
2807907036,18638.0
2807907038,17756.0
2807907039,18125.0
2807907040,17678.0
2807907041,18533.0
2807907042,27077.0
2807907043,26079.0
2807907044,23592.0
2807907045,16924.0
2807907046,19756.0
2807907047,20270.0
2807907048,24694.0
2807907049,25900.0
2807907050,20180.0
2807907051,18394.0
2807907052,19457.0
2807907053,18270.0
2807907055,18894.0
2807907056,18874.0
2807907057,20293.0
2807907058,18472.0
2807907059,21775.0
2807907060,20565.0
2807907061,19239.0
2807907062,17903.0
2807907063,19698.0
2807907064,21225.0
2807907065,16248.0
2807907066,17784.0
2807907067,18990.0
2807907068,21320.0
2807907069,19057.0
2807907070,18603.0
2807907071,21259.0
2807907072,22884.0
2807907073,29048.0
2807907075,29364.0
2807907076,29364.0
2807907078,29364.0
2807907079,23814.0
2807907080,27105.0
2807907081,29364.0
2807907082,29364.0
2807907083,29364.0
2807907084,29364.0
2807907085,29364.0
2807907086,24624.0
2807907087,24820.0
2807907088,21014.0
2807907089,19907.0
2807907090,17437.0
2807907091,17583.0
2807907092,29364.0
2807907093,29038.0
2807907094,26542.0
2807907095,29364.0
2807907096,25965.0
2807907097,19147.0
2807907098,23741.0
2807907099,19419.0
2807907100,20484.0
2807907101,18310.0
2807907102,19245.0
2807907103,19327.0
2807907105,23576.0
2807907106,20013.0
2807907107,25444.0
2807907108,19333.0
2807907109,20203.0
2807907110,17290.0
2807907111,22293.0
2807907112,22619.0
2807907113,17497.0
2807907114,24523.0
2807907115,28609.0
2807907116,19402.0
2807907117,15010.0
2807907118,19390.0
2807907119,19621.0
2807907120,23549.0
2807907121,26159.0
2807907122,22091.0
2807907123,22238.0
2807907124,24018.0
2807907125,26046.0
2807907126,21623.0
2807907127,20713.0
2807907128,29364.0
2807907129,27908.0
2807907130,29364.0
2807907131,29364.0
2807907132,25466.0
2807907133,28193.0
2807907134,17557.0
2807907135,20940.0
2807908001,14609.0
2807908002,19932.0
2807908003,14305.0
2807908004,14753.0
2807908005,29364.0
2807908006,29364.0
2807908007,27576.0
2807908008,22213.0
2807908009,17565.0
2807908010,15871.0
2807908011,13660.0
2807908012,21998.0
2807908013,27695.0
2807908014,19147.0
2807908015,15905.0
2807908016,10058.0
2807908017,16124.0
2807908018,10262.0
2807908019,10064.0
2807908020,14157.0
2807908021,12558.0
2807908022,13642.0
2807908023,13793.0
2807908024,17225.0
2807908025,13758.0
2807908026,13478.0
2807908027,14249.0
2807908028,13734.0
2807908029,16846.0
2807908030,16857.0
2807908031,21167.0
2807908032,14339.0
2807908033,23279.0
2807908034,23110.0
2807908035,24941.0
2807908036,19490.0
2807908037,21279.0
2807908038,20702.0
2807908039,20384.0
2807908040,20858.0
2807908041,15762.0
2807908042,16569.0
2807908043,22076.0
2807908044,20860.0
2807908045,15284.0
2807908046,13291.0
2807908047,12777.0
2807908048,12585.0
2807908049,22550.0
2807908050,14843.0
2807908051,17431.0
2807908052,17029.0
2807908053,10268.0
2807908054,17688.0
2807908055,18298.0
2807908056,20714.0
2807908057,20230.0
2807908058,20110.0
2807908059,20224.0
2807908060,21349.0
2807908061,12192.0
2807908062,11909.0
2807908063,10487.0
2807908064,10307.0
2807908065,9899.0
2807908066,10694.0
2807908067,10826.0
2807908068,10835.0
2807908069,10456.0
2807908071,11502.0
2807908072,12112.0
2807908073,12214.0
2807908074,11367.0
2807908075,12107.0
2807908076,11855.0
2807908077,11301.0
2807908078,13091.0
2807908079,12757.0
2807908080,13120.0
2807908081,13405.0
2807908082,11765.0
2807908083,11431.0
2807908084,10455.0
2807908085,11530.0
2807908086,11574.0
2807908087,10550.0
2807908088,11225.0
2807908089,12567.0
2807908090,21456.0
2807908091,13260.0
2807908092,13574.0
2807908093,15740.0
2807908094,16427.0
2807908095,22081.0
2807908096,21897.0
2807908097,23428.0
2807908098,23384.0
2807908099,23220.0
2807908100,25906.0
2807908102,24786.0
2807908103,28764.0
2807908104,11065.0
2807908105,10392.0
2807908106,9683.0
2807908107,9654.0
2807908108,11081.0
2807908109,11191.0
2807908110,14867.0
2807908111,17145.0
2807908112,8790.0
2807908113,12825.0
2807908114,9039.0
2807908115,9260.0
2807908116,10120.0
2807908117,10632.0
2807908119,11264.0
2807908120,10774.0
2807908121,9437.0
2807908122,9451.0
2807908123,10982.0
2807908124,11040.0
2807908125,13413.0
2807908126,12537.0
2807908128,20940.0
2807908129,9280.0
2807908130,13533.0
2807908131,19805.0
2807908132,29364.0
2807908133,19304.0
2807908134,29364.0
2807908135,25211.0
2807908136,17941.0
2807908137,29364.0
2807908138,29364.0
2807908139,20091.0
2807908140,16372.0
2807908141,20452.0
2807908142,15950.0
2807908143,26362.0
2807908144,21896.0
2807908145,22457.0
2807908146,24073.0
2807908147,23846.0
2807908148,20016.0
2807908149,15355.0
2807908150,29364.0
2807908151,17382.0
2807908152,29364.0
2807908153,16864.0
2807908154,23216.0
2807908155,18871.0
2807908156,20317.0
2807908157,18794.0
2807908158,29364.0
2807908159,24096.0
2807908160,19020.0
2807908161,22628.0
2807908162,21098.0
2807908163,22643.0
2807908164,19153.0
2807908165,19717.0
2807908166,13883.0
2807908167,23502.0
2807908168,16073.0
2807908169,18589.0
2807908170,17998.0
2807908171,17315.0
2807908172,16613.0
2807908173,19953.0
2807908174,18212.0
2807908175,29364.0
2807908176,21960.0
2807908177,16217.0
2807908178,20033.0
2807908179,16894.0
2807908180,16773.0
2807908181,
2807908182,
2807908183,
2807908184,
2807908185,
2807908186,
2807908187,
2807908188,
2807909001,16700.0
2807909002,17459.0
2807909004,15476.0
2807909005,14238.0
2807909006,16184.0
2807909007,16388.0
2807909008,22853.0
2807909009,16356.0
2807909010,23941.0
2807909011,19719.0
2807909012,17104.0
2807909013,15750.0
2807909014,24129.0
2807909015,21003.0
2807909016,16920.0
2807909017,20694.0
2807909018,29364.0
2807909019,25764.0
2807909020,27476.0
2807909021,24590.0
2807909022,23088.0
2807909023,17623.0
2807909024,27955.0
2807909025,29364.0
2807909026,15618.0
2807909028,20453.0
2807909029,20712.0
2807909030,29364.0
2807909031,18721.0
2807909033,23714.0
2807909034,28242.0
2807909035,23211.0
2807909036,17464.0
2807909037,23392.0
2807909038,21790.0
2807909039,18134.0
2807909040,17567.0
2807909041,29364.0
2807909043,29364.0
2807909044,23886.0
2807909045,21024.0
2807909046,22439.0
2807909047,16979.0
2807909049,15287.0
2807909050,14148.0
2807909051,16290.0
2807909052,14974.0
2807909053,20141.0
2807909054,11125.0
2807909055,16833.0
2807909056,18352.0
2807909057,11888.0
2807909058,11137.0
2807909060,11563.0
2807909061,10718.0
2807909063,14089.0
2807909064,10365.0
2807909065,9569.0
2807909066,11387.0
2807909067,9811.0
2807909068,12584.0
2807909069,12332.0
2807909070,14705.0
2807909071,29364.0
2807909072,29364.0
2807909073,29364.0
2807909074,14359.0
2807909075,25487.0
2807909076,9891.0
2807909077,16680.0
2807909078,29364.0
2807909079,22773.0
2807909080,22030.0
2807909081,23110.0
2807909082,14683.0
2807909083,23955.0
2807909084,18552.0
2807909085,23258.0
2807909086,29364.0
2807909087,29364.0
2807909088,21667.0
2807909089,28996.0
2807909090,16114.0
2807909091,29364.0
2807909092,
2807910001,10236.0
2807910002,6319.0
2807910003,5744.0
2807910004,8859.0
2807910005,9462.0
2807910006,13292.0
2807910007,9588.0
2807910008,8830.0
2807910009,9895.0
2807910010,11024.0
2807910011,14890.0
2807910012,13620.0
2807910013,15908.0
2807910014,19610.0
2807910015,10460.0
2807910016,14611.0
2807910017,23517.0
2807910018,11510.0
2807910020,9397.0
2807910021,11959.0
2807910022,10896.0
2807910023,11741.0
2807910024,10347.0
2807910025,11121.0
2807910026,13436.0
2807910027,12334.0
2807910028,10562.0
2807910029,10831.0
2807910030,10303.0
2807910031,10204.0
2807910032,10446.0
2807910033,10698.0
2807910034,9166.0
2807910035,10446.0
2807910036,13867.0
2807910037,10229.0
2807910038,11538.0
2807910039,9884.0
2807910040,8845.0
2807910041,9579.0
2807910042,11507.0
2807910043,11805.0
2807910044,14346.0
2807910046,10749.0
2807910047,8343.0
2807910048,8557.0
2807910049,8739.0
2807910050,9309.0
2807910051,10026.0
2807910052,10225.0
2807910053,10144.0
2807910054,15698.0
2807910055,14091.0
2807910056,9330.0
2807910057,9646.0
2807910058,9075.0
2807910059,8933.0
2807910060,13552.0
2807910061,8575.0
2807910062,7768.0
2807910063,8606.0
2807910065,9383.0
2807910067,13316.0
2807910068,12794.0
2807910069,10934.0
2807910070,11382.0
2807910072,15110.0
2807910073,9796.0
2807910074,15006.0
2807910075,11850.0
2807910076,13703.0
2807910077,10964.0
2807910078,13030.0
2807910081,14403.0
2807910082,10801.0
2807910083,8861.0
2807910084,8616.0
2807910086,9133.0
2807910087,18883.0
2807910088,12062.0
2807910089,11913.0
2807910090,15303.0
2807910091,17186.0
2807910092,11747.0
2807910093,11938.0
2807910094,9218.0
2807910095,10165.0
2807910096,9343.0
2807910098,11795.0
2807910099,12828.0
2807910100,12165.0
2807910101,12464.0
2807910102,12769.0
2807910103,10376.0
2807910104,14942.0
2807910106,15848.0
2807910107,16317.0
2807910108,14795.0
2807910109,14759.0
2807910110,9689.0
2807910111,8824.0
2807910112,9257.0
2807910113,10031.0
2807910114,9400.0
2807910115,9150.0
2807910116,14029.0
2807910117,16524.0
2807910118,14466.0
2807910119,16890.0
2807910120,13165.0
2807910121,11085.0
2807910122,14243.0
2807910123,14598.0
2807910124,10119.0
2807910125,12402.0
2807910126,10856.0
2807910127,11012.0
2807910128,12751.0
2807910129,16042.0
2807910130,13996.0
2807910131,13556.0
2807910132,14693.0
2807910133,15075.0
2807910134,13740.0
2807910135,12723.0
2807910136,12243.0
2807910137,10329.0
2807910138,16699.0
2807910139,10156.0
2807910140,13310.0
2807910142,10699.0
2807910143,12458.0
2807910144,8656.0
2807910145,10612.0
2807910146,10839.0
2807910147,9436.0
2807910148,8135.0
2807910149,9095.0
2807910150,9350.0
2807910151,11205.0
2807910152,15402.0
2807910153,15232.0
2807910154,11675.0
2807910156,17585.0
2807910157,18253.0
2807910158,16902.0
2807910159,16322.0
2807910161,11424.0
2807910162,10363.0
2807910163,10873.0
2807910164,9471.0
2807910165,12492.0
2807910167,14125.0
2807910168,10291.0
2807910169,10531.0
2807910170,12015.0
2807910171,12251.0
2807910172,12099.0
2807910173,13330.0
2807910174,12289.0
2807910175,11703.0
2807910176,12237.0
2807910178,12924.0
2807910179,10917.0
2807910180,11996.0
2807910181,10893.0
2807910182,9906.0
2807910183,11851.0
2807910184,12456.0
2807910185,10962.0
2807910187,10780.0
2807910188,11157.0
2807910189,11333.0
2807910190,11397.0
2807910191,11332.0
2807910192,13774.0
2807910193,11275.0
2807910194,13187.0
2807910196,12092.0
2807910197,13246.0
2807910198,12853.0
2807910199,12494.0
2807910201,13676.0
2807910202,13028.0
2807910203,12992.0
2807910204,11758.0
2807910205,17307.0
2807910206,19394.0
2807910207,16743.0
2807910209,13642.0
2807910210,11086.0
2807910211,16493.0
2807910212,18209.0
2807910213,16074.0
2807910214,14056.0
2807910215,15120.0
2807910216,16290.0
2807910217,14143.0
2807910218,16749.0
2807910219,14882.0
2807910220,12470.0
2807910221,
2807911001,12362.0
2807911002,13439.0
2807911003,15139.0
2807911004,14688.0
2807911005,13027.0
2807911006,13068.0
2807911007,9725.0
2807911010,14813.0
2807911011,12063.0
2807911012,10976.0
2807911013,10510.0
2807911015,10298.0
2807911016,10723.0
2807911017,9359.0
2807911018,8877.0
2807911019,12305.0
2807911021,9490.0
2807911022,12454.0
2807911023,9366.0
2807911024,9670.0
2807911025,11177.0
2807911026,11323.0
2807911028,14027.0
2807911029,10244.0
2807911030,10538.0
2807911031,14009.0
2807911032,9744.0
2807911033,8797.0
2807911034,9975.0
2807911035,10105.0
2807911036,9407.0
2807911037,10265.0
2807911038,10269.0
2807911039,12343.0
2807911040,8407.0
2807911041,8562.0
2807911042,9831.0
2807911043,12331.0
2807911044,15692.0
2807911045,14709.0
2807911046,12630.0
2807911047,10604.0
2807911048,8514.0
2807911049,14332.0
2807911050,13837.0
2807911051,14031.0
2807911054,7654.0
2807911055,9253.0
2807911056,8649.0
2807911057,9567.0
2807911058,9975.0
2807911059,9423.0
2807911060,11779.0
2807911061,9798.0
2807911062,9458.0
2807911063,10332.0
2807911065,14190.0
2807911066,8122.0
2807911067,13714.0
2807911068,9185.0
2807911069,9145.0
2807911070,9224.0
2807911071,8844.0
2807911072,8575.0
2807911073,8224.0
2807911074,8159.0
2807911075,12769.0
2807911078,8939.0
2807911079,8946.0
2807911080,8401.0
2807911081,9253.0
2807911082,8771.0
2807911083,8999.0
2807911084,9440.0
2807911085,9891.0
2807911086,9933.0
2807911087,9049.0
2807911088,9321.0
2807911089,9755.0
2807911091,9158.0
2807911092,10184.0
2807911093,14279.0
2807911094,18535.0
2807911095,15440.0
2807911096,14712.0
2807911097,13769.0
2807911098,12652.0
2807911099,13773.0
2807911100,11013.0
2807911101,10836.0
2807911102,9700.0
2807911103,10215.0
2807911104,11577.0
2807911105,9630.0
2807911106,11121.0
2807911107,11645.0
2807911108,9672.0
2807911109,9031.0
2807911110,8905.0
2807911111,8995.0
2807911112,11263.0
2807911113,9512.0
2807911114,10913.0
2807911115,9739.0
2807911116,9224.0
2807911117,7806.0
2807911118,9231.0
2807911119,7751.0
2807911120,8719.0
2807911121,7844.0
2807911122,8189.0
2807911123,11689.0
2807911124,10937.0
2807911125,11633.0
2807911126,11221.0
2807911128,6912.0
2807911129,6215.0
2807911130,7614.0
2807911131,7373.0
2807911132,7483.0
2807911133,11604.0
2807911134,9336.0
2807911135,10391.0
2807911136,10431.0
2807911137,12821.0
2807911138,9740.0
2807911139,9713.0
2807911140,7958.0
2807911141,11297.0
2807911142,11230.0
2807911143,9301.0
2807911145,9806.0
2807911146,9615.0
2807911147,12185.0
2807911148,11722.0
2807911149,10600.0
2807911150,10905.0
2807911151,9421.0
2807911152,11129.0
2807911153,9637.0
2807911154,8627.0
2807911155,11389.0
2807911156,14255.0
2807911157,8254.0
2807911158,6312.0
2807911159,7426.0
2807911160,7786.0
2807911161,7496.0
2807911162,9104.0
2807911163,12507.0
2807911165,10391.0
2807911167,10644.0
2807911168,10196.0
2807911169,8731.0
2807911170,8362.0
2807911171,7722.0
2807911173,8590.0
2807911174,10466.0
2807911175,9564.0
2807911176,10004.0
2807911177,10544.0
2807911178,9443.0
2807911179,11295.0
2807911180,6318.0
2807911181,13533.0
2807911182,14711.0
2807911183,14437.0
2807911184,16658.0
2807911185,13551.0
2807911186,11115.0
2807911187,13653.0
2807911188,14819.0
2807911189,10620.0
2807911190,14116.0
2807911191,13486.0
2807911192,15177.0
2807911193,9784.0
2807911194,15117.0
2807911195,
2807911196,
2807911197,
2807911198,
2807912001,10877.0
2807912002,11947.0
2807912003,11112.0
2807912005,11184.0
2807912006,11559.0
2807912007,11254.0
2807912008,9098.0
2807912009,8426.0
2807912010,8700.0
2807912011,9192.0
2807912012,8626.0
2807912013,9386.0
2807912014,8785.0
2807912015,8541.0
2807912016,10519.0
2807912018,7393.0
2807912019,6631.0
2807912020,7447.0
2807912021,9444.0
2807912022,6646.0
2807912023,7578.0
2807912024,10210.0
2807912027,10252.0
2807912028,8474.0
2807912029,7547.0
2807912030,7714.0
2807912031,8326.0
2807912032,10385.0
2807912033,8619.0
2807912034,8855.0
2807912036,7722.0
2807912037,7740.0
2807912039,8966.0
2807912041,8426.0
2807912042,6853.0
2807912043,8506.0
2807912044,8284.0
2807912045,7085.0
2807912046,8284.0
2807912047,7645.0
2807912048,8229.0
2807912049,8279.0
2807912050,9711.0
2807912051,9477.0
2807912052,12419.0
2807912053,16129.0
2807912054,13019.0
2807912055,9000.0
2807912056,8297.0
2807912057,8154.0
2807912059,12192.0
2807912061,10328.0
2807912062,10475.0
2807912064,9116.0
2807912065,8272.0
2807912066,6457.0
2807912067,7523.0
2807912069,9241.0
2807912070,13093.0
2807912071,10237.0
2807912073,8008.0
2807912074,8956.0
2807912075,8377.0
2807912077,9824.0
2807912078,8865.0
2807912079,8880.0
2807912080,7768.0
2807912081,8503.0
2807912082,8436.0
2807912083,8100.0
2807912084,8597.0
2807912086,8856.0
2807912087,7732.0
2807912088,7959.0
2807912089,8406.0
2807912090,8385.0
2807912091,7969.0
2807912092,8851.0
2807912093,8387.0
2807912094,7823.0
2807912096,7348.0
2807912097,8589.0
2807912098,14069.0
2807912099,8042.0
2807912100,8361.0
2807912101,11447.0
2807912102,10216.0
2807912103,7078.0
2807912104,12102.0
2807912105,10935.0
2807912106,11940.0
2807912107,15688.0
2807912108,11276.0
2807912109,9876.0
2807913002,7372.0
2807913003,7058.0
2807913004,8153.0
2807913005,8303.0
2807913006,7354.0
2807913007,7960.0
2807913008,8527.0
2807913010,9078.0
2807913011,7833.0
2807913012,7734.0
2807913013,7966.0
2807913014,8178.0
2807913016,8096.0
2807913017,8410.0
2807913018,7659.0
2807913019,8280.0
2807913021,9153.0
2807913022,8738.0
2807913023,9301.0
2807913024,8922.0
2807913026,8959.0
2807913027,6533.0
2807913028,6891.0
2807913029,8841.0
2807913030,9327.0
2807913031,7791.0
2807913032,9105.0
2807913033,8518.0
2807913034,8868.0
2807913035,9577.0
2807913036,7841.0
2807913037,9053.0
2807913038,8145.0
2807913039,8696.0
2807913040,8143.0
2807913041,9450.0
2807913042,7175.0
2807913043,8223.0
2807913044,8399.0
2807913045,8026.0
2807913046,8185.0
2807913047,9361.0
2807913048,7768.0
2807913049,10047.0
2807913050,8385.0
2807913052,8836.0
2807913053,8962.0
2807913054,8504.0
2807913055,7663.0
2807913056,8440.0
2807913057,8383.0
2807913058,7464.0
2807913059,7712.0
2807913060,7861.0
2807913061,7461.0
2807913062,7296.0
2807913063,8606.0
2807913064,7424.0
2807913065,7717.0
2807913066,7875.0
2807913069,7784.0
2807913074,12729.0
2807913077,14788.0
2807913078,14048.0
2807913079,8421.0
2807913080,8086.0
2807913083,8918.0
2807913084,8709.0
2807913086,9341.0
2807913087,13167.0
2807913088,13411.0
2807913089,8385.0
2807913090,7628.0
2807913091,8980.0
2807913092,9777.0
2807913094,9740.0
2807913103,9528.0
2807913104,9805.0
2807913108,10294.0
2807913109,11248.0
2807913110,9107.0
2807913111,8585.0
2807913112,8776.0
2807913114,8402.0
2807913115,9677.0
2807913116,9217.0
2807913117,8900.0
2807913118,8278.0
2807913119,9094.0
2807913120,9051.0
2807913121,9246.0
2807913122,8358.0
2807913123,10654.0
2807913124,9283.0
2807913125,7775.0
2807913126,7892.0
2807913127,15717.0
2807913128,11464.0
2807913129,9150.0
2807913131,9625.0
2807913132,8884.0
2807913133,8761.0
2807913134,9549.0
2807913135,9375.0
2807913136,9297.0
2807913137,12439.0
2807913138,8850.0
2807913139,8866.0
2807913140,10395.0
2807913142,9265.0
2807913143,11131.0
2807913144,8890.0
2807913145,8203.0
2807913146,9506.0
2807913147,9192.0
2807913148,8286.0
2807913150,8207.0
2807913153,7744.0
2807913154,9488.0
2807913155,9167.0
2807913156,9812.0
2807913157,9516.0
2807913158,10078.0
2807913160,10222.0
2807913161,11862.0
2807913162,9104.0
2807913163,10066.0
2807913164,11211.0
2807913166,9931.0
2807913168,9125.0
2807913169,9741.0
2807913170,9008.0
2807913171,10002.0
2807913172,8234.0
2807913173,7359.0
2807913174,9035.0
2807913175,9196.0
2807913176,8015.0
2807913177,7947.0
2807913178,9127.0
2807913179,9151.0
2807913180,8395.0
2807913181,9104.0
2807913182,13018.0
2807913183,14289.0
2807913184,11375.0
2807913185,8674.0
2807913186,9402.0
2807913187,8627.0
2807913189,8280.0
2807913190,9138.0
2807913191,11934.0
2807913192,8855.0
2807913193,9359.0
2807913194,8678.0
2807913195,10485.0
2807913196,9755.0
2807913197,9757.0
2807913198,9949.0
2807913199,12899.0
2807913200,9158.0
2807913201,8728.0
2807913202,12493.0
2807913203,14885.0
2807913204,11911.0
2807913205,13121.0
2807913206,9195.0
2807913207,13974.0
2807913208,12931.0
2807913209,12079.0
2807913210,8386.0
2807913211,11231.0
2807913212,12595.0
2807913213,11326.0
2807913214,6542.0
2807913215,8289.0
2807913216,13641.0
2807913217,
2807914001,11546.0
2807914002,9806.0
2807914003,11664.0
2807914004,12664.0
2807914005,13417.0
2807914006,11687.0
2807914010,18698.0
2807914012,13002.0
2807914013,16537.0
2807914014,16689.0
2807914015,16864.0
2807914016,16362.0
2807914017,17046.0
2807914018,16073.0
2807914019,15967.0
2807914020,16234.0
2807914021,16139.0
2807914022,17272.0
2807914023,17244.0
2807914024,17005.0
2807914025,13529.0
2807914026,10953.0
2807914027,12312.0
2807914028,10902.0
2807914029,13125.0
2807914030,18223.0
2807914031,15640.0
2807914032,16255.0
2807914033,12654.0
2807914034,15708.0
2807914035,11234.0
2807914036,11453.0
2807914037,12661.0
2807914038,11079.0
2807914039,12562.0
2807914040,15785.0
2807914041,22091.0
2807914042,20418.0
2807914043,17813.0
2807914044,14113.0
2807914045,12872.0
2807914046,10977.0
2807914047,9895.0
2807914048,11649.0
2807914049,11159.0
2807914050,10504.0
2807914051,10090.0
2807914052,11253.0
2807914053,10043.0
2807914054,10474.0
2807914055,12330.0
2807914056,11291.0
2807914057,10956.0
2807914058,11625.0
2807914059,10839.0
2807914060,13953.0
2807914061,14869.0
2807914062,11653.0
2807914063,14208.0
2807914064,12216.0
2807914065,14081.0
2807914066,9749.0
2807914067,9321.0
2807914068,10031.0
2807914069,13658.0
2807914070,10624.0
2807914071,12578.0
2807914072,13651.0
2807914073,12959.0
2807914074,13881.0
2807914075,12616.0
2807914076,13956.0
2807914077,13486.0
2807914078,11980.0
2807914079,16025.0
2807914080,19175.0
2807914081,18171.0
2807914082,6382.0
2807914083,9611.0
2807914084,17511.0
2807914085,20945.0
2807914086,10312.0
2807914087,18844.0
2807914088,17403.0
2807914089,14011.0
2807914090,13065.0
2807914091,17234.0
2807914092,11439.0
2807914093,16175.0
2807914094,
2807914095,
2807915001,15429.0
2807915002,12174.0
2807915003,14208.0
2807915005,12411.0
2807915006,11384.0
2807915008,12272.0
2807915009,8710.0
2807915010,10838.0
2807915011,9212.0
2807915012,11426.0
2807915013,10103.0
2807915014,10338.0
2807915015,10263.0
2807915016,9441.0
2807915017,10672.0
2807915018,11132.0
2807915019,10113.0
2807915020,9882.0
2807915021,9602.0
2807915022,9649.0
2807915023,11439.0
2807915024,12230.0
2807915025,13162.0
2807915026,10261.0
2807915027,12375.0
2807915028,14176.0
2807915029,12812.0
2807915030,16480.0
2807915031,14118.0
2807915032,14978.0
2807915033,13922.0
2807915034,12652.0
2807915035,14312.0
2807915036,12936.0
2807915037,11642.0
2807915038,11864.0
2807915039,12021.0
2807915040,11526.0
2807915041,12637.0
2807915042,12714.0
2807915043,11560.0
2807915044,12893.0
2807915045,12466.0
2807915046,12248.0
2807915047,11125.0
2807915048,11504.0
2807915049,9986.0
2807915050,11212.0
2807915051,11552.0
2807915052,10460.0
2807915053,9695.0
2807915054,10134.0
2807915056,10459.0
2807915057,10410.0
2807915058,9219.0
2807915059,8989.0
2807915060,9275.0
2807915061,10855.0
2807915062,12660.0
2807915065,14582.0
2807915066,14379.0
2807915067,14535.0
2807915068,15469.0
2807915069,16052.0
2807915070,15230.0
2807915071,9461.0
2807915073,9111.0
2807915074,10805.0
2807915075,11216.0
2807915076,10344.0
2807915077,12463.0
2807915078,10225.0
2807915079,11071.0
2807915080,9515.0
2807915081,8387.0
2807915082,13919.0
2807915083,9953.0
2807915084,10772.0
2807915085,10669.0
2807915086,13647.0
2807915087,9467.0
2807915088,8900.0
2807915089,10374.0
2807915090,15073.0
2807915092,18864.0
2807915093,13232.0
2807915094,13905.0
2807915095,10580.0
2807915096,12488.0
2807915097,10309.0
2807915098,11320.0
2807915099,10955.0
2807915100,11463.0
2807915101,11447.0
2807915102,11758.0
2807915103,12293.0
2807915104,12098.0
2807915105,12639.0
2807915106,12059.0
2807915108,13790.0
2807915109,14216.0
2807915110,11932.0
2807915111,14990.0
2807915112,13460.0
2807915113,13696.0
2807915114,14405.0
2807915115,15143.0
2807915116,12892.0
2807915117,11501.0
2807915118,13130.0
2807915119,12270.0
2807915120,11874.0
2807915121,13787.0
2807915122,14724.0
2807915123,16113.0
2807915124,13364.0
2807915125,20624.0
2807915126,12041.0
2807915127,17960.0
2807915128,21100.0
2807915129,16358.0
2807915130,14304.0
2807915131,13274.0
2807915132,13517.0
2807915133,13167.0
2807915134,15219.0
2807915135,13163.0
2807915136,13989.0
2807915138,11910.0
2807915139,12066.0
2807915140,12259.0
2807915141,15525.0
2807915142,23767.0
2807915143,25933.0
2807915144,23766.0
2807915145,20142.0
2807915146,22873.0
2807915147,27281.0
2807915148,15712.0
2807915149,18645.0
2807915150,28883.0
2807915151,23279.0
2807915153,23165.0
2807915154,18862.0
2807915155,24833.0
2807915156,17981.0
2807915157,20981.0
2807915158,25263.0
2807915159,27310.0
2807915160,26755.0
2807915161,25444.0
2807915162,26283.0
2807915163,22686.0
2807915164,22149.0
2807915165,26275.0
2807915166,22595.0
2807915167,26835.0
2807915168,25413.0
2807915170,27310.0
2807915171,13292.0
2807915172,23836.0
2807915173,22525.0
2807915174,25001.0
2807915175,19036.0
2807915176,21427.0
2807915177,15146.0
2807915178,22217.0
2807915179,15857.0
2807915180,22271.0
2807915181,17640.0
2807915182,19862.0
2807916001,28475.0
2807916002,28459.0
2807916003,29364.0
2807916004,29364.0
2807916005,26243.0
2807916006,21825.0
2807916007,23097.0
2807916008,10846.0
2807916009,10047.0
2807916011,11320.0
2807916012,12816.0
2807916013,14993.0
2807916014,14279.0
2807916015,14827.0
2807916016,14201.0
2807916017,13914.0
2807916018,14877.0
2807916019,14889.0
2807916020,15283.0
2807916021,18248.0
2807916022,14945.0
2807916024,14562.0
2807916025,15953.0
2807916026,12444.0
2807916027,12698.0
2807916028,14980.0
2807916029,12224.0
2807916030,15813.0
2807916031,17072.0
2807916032,18746.0
2807916033,15051.0
2807916034,15438.0
2807916035,17593.0
2807916036,26219.0
2807916037,11497.0
2807916038,14439.0
2807916039,10269.0
2807916040,10516.0
2807916041,10823.0
2807916042,11891.0
2807916043,11196.0
2807916044,14539.0
2807916045,19797.0
2807916046,16508.0
2807916047,13345.0
2807916048,16129.0
2807916049,17105.0
2807916050,13944.0
2807916051,12034.0
2807916052,11380.0
2807916053,11020.0
2807916054,11137.0
2807916055,10213.0
2807916056,10721.0
2807916057,12472.0
2807916058,12092.0
2807916059,13267.0
2807916060,14380.0
2807916061,16203.0
2807916062,15027.0
2807916063,17576.0
2807916064,15789.0
2807916065,13024.0
2807916066,12478.0
2807916067,10306.0
2807916069,12353.0
2807916070,14290.0
2807916071,8908.0
2807916072,7551.0
2807916073,9825.0
2807916074,9940.0
2807916075,12090.0
2807916076,10300.0
2807916077,9959.0
2807916078,9932.0
2807916079,14360.0
2807916080,28234.0
2807916081,20691.0
2807916082,9397.0
2807916083,12112.0
2807916085,12949.0
2807916086,12722.0
2807916087,13155.0
2807916088,13709.0
2807916089,13747.0
2807916090,12277.0
2807916091,29364.0
2807916092,16602.0
2807916093,16814.0
2807916096,16407.0
2807916097,13435.0
2807916098,23269.0
2807916099,17809.0
2807916100,16050.0
2807916101,16759.0
2807916102,29364.0
2807916103,29364.0
2807916104,16192.0
2807916105,25691.0
2807916106,22754.0
2807916107,18161.0
2807916108,19569.0
2807916109,10415.0
2807916110,14752.0
2807916111,19235.0
2807916112,14131.0
2807916113,29364.0
2807916114,21611.0
2807916115,23817.0
2807916116,16455.0
2807916117,16748.0
2807916118,16416.0
2807916119,20511.0
2807916120,15877.0
2807916121,24949.0
2807916122,20699.0
2807916123,29364.0
2807916124,23890.0
2807916125,20507.0
2807916126,
2807916127,
2807916128,
2807916129,
2807917002,8768.0
2807917003,8922.0
2807917004,7361.0
2807917006,8856.0
2807917007,8129.0
2807917008,8075.0
2807917009,8394.0
2807917010,8775.0
2807917011,8948.0
2807917012,8983.0
2807917013,9263.0
2807917014,8223.0
2807917015,8057.0
2807917016,8517.0
2807917017,10208.0
2807917018,8011.0
2807917019,8405.0
2807917020,9614.0
2807917021,6729.0
2807917022,7386.0
2807917023,10884.0
2807917024,8219.0
2807917025,8953.0
2807917026,8566.0
2807917027,10664.0
2807917028,9781.0
2807917029,12501.0
2807917031,6345.0
2807917032,6174.0
2807917033,5909.0
2807917035,6099.0
2807917036,7220.0
2807917037,6238.0
2807917038,7115.0
2807917039,7075.0
2807917041,6470.0
2807917042,6226.0
2807917043,6516.0
2807917045,12763.0
2807917046,7778.0
2807917047,7866.0
2807917048,10289.0
2807917049,7308.0
2807917050,9083.0
2807917051,7381.0
2807917052,9423.0
2807917053,9093.0
2807917054,8242.0
2807917055,10676.0
2807917057,8415.0
2807917058,8762.0
2807917059,9673.0
2807917060,9437.0
2807917061,6549.0
2807917062,7651.0
2807917063,8702.0
2807917064,8867.0
2807917065,8462.0
2807917066,7602.0
2807917068,7565.0
2807917069,8778.0
2807917070,13247.0
2807917071,12046.0
2807917072,7709.0
2807917073,9580.0
2807917074,10707.0
2807917075,11646.0
2807917076,12191.0
2807917078,12676.0
2807917079,10171.0
2807917080,14039.0
2807917082,9962.0
2807917083,8945.0
2807917084,9229.0
2807917085,12951.0
2807917086,12783.0
2807917087,10983.0
2807917089,9895.0
2807917090,10496.0
2807917091,9982.0
2807917092,14033.0
2807917093,12629.0
2807917094,10508.0
2807917095,10761.0
2807917096,12733.0
2807917097,13499.0
2807917098,5862.0
2807917099,12382.0
2807917100,7449.0
2807917101,9477.0
2807917102,14890.0
2807917103,12179.0
2807917104,10719.0
2807917105,11281.0
2807917106,9264.0
2807917107,11400.0
2807917108,14239.0
2807917109,10229.0
2807917110,12849.0
2807917111,9938.0
2807917112,14222.0
2807917113,14814.0
2807917114,12181.0
2807917115,
2807917116,
2807918002,9352.0
2807918003,9161.0
2807918004,9566.0
2807918005,8627.0
2807918006,8851.0
2807918007,9443.0
2807918008,10568.0
2807918009,9313.0
2807918010,7779.0
2807918011,9952.0
2807918012,9176.0
2807918013,9672.0
2807918014,9566.0
2807918015,8737.0
2807918016,8984.0
2807918017,9349.0
2807918018,10196.0
2807918019,9791.0
2807918020,11550.0
2807918021,11711.0
2807918022,8217.0
2807918023,8764.0
2807918024,11102.0
2807918025,12585.0
2807918026,7881.0
2807918027,10206.0
2807918028,14595.0
2807918029,14958.0
2807918030,14035.0
2807918031,13400.0
2807918032,13881.0
2807918033,14113.0
2807918034,13976.0
2807918035,14609.0
2807918036,13357.0
2807918037,10575.0
2807918038,8011.0
2807918039,15161.0
2807918040,17158.0
2807918041,13642.0
2807918042,8896.0
2807918043,9938.0
2807918044,14670.0
2807918045,2897.0
2807918046,10350.0
2807918047,11706.0
2807918048,15956.0
2807918049,14711.0
2807918050,13299.0
2807918051,15632.0
2807918052,12267.0
2807918053,13587.0
2807918054,15325.0
2807918055,13889.0
2807918056,13317.0
2807918057,16676.0
2807918058,12001.0
2807918059,11505.0
2807918060,15742.0
2807918061,16510.0
2807918062,14834.0
2807918063,12909.0
2807918064,13213.0
2807918065,9615.0
2807918066,
2807918067,
2807918068,
2807919001,6018.0
2807919002,11490.0
2807919003,9455.0
2807919004,9538.0
2807919005,9668.0
2807919006,10721.0
2807919007,10184.0
2807919008,9296.0
2807919009,10115.0
2807919011,9576.0
2807919012,10604.0
2807919014,8063.0
2807919015,9277.0
2807919016,8743.0
2807919018,9811.0
2807919019,9680.0
2807919020,10227.0
2807919021,10630.0
2807919022,8757.0
2807919023,8807.0
2807919024,8852.0
2807919025,10064.0
2807919026,9464.0
2807919027,8386.0
2807919028,8186.0
2807919029,8423.0
2807919031,
2807919032,10697.0
2807919033,15247.0
2807919034,14058.0
2807919035,14542.0
2807919036,14636.0
2807919037,15733.0
2807919038,9489.0
2807919039,10560.0
2807919040,15645.0
2807919041,13636.0
2807919042,13879.0
2807919043,15526.0
2807919044,10346.0
2807919045,14280.0
2807919046,13135.0
2807919047,13651.0
2807919048,13326.0
2807919049,14086.0
2807919050,16716.0
2807919051,14192.0
2807919052,
2807920001,11348.0
2807920002,19374.0
2807920003,10627.0
2807920006,10285.0
2807920007,9591.0
2807920008,8881.0
2807920009,11900.0
2807920010,10231.0
2807920011,10771.0
2807920012,8844.0
2807920013,9637.0
2807920014,8706.0
2807920015,9232.0
2807920016,9363.0
2807920017,9377.0
2807920018,8519.0
2807920019,8953.0
2807920020,8425.0
2807920021,7992.0
2807920022,9158.0
2807920023,8618.0
2807920024,8328.0
2807920025,9829.0
2807920026,11494.0
2807920027,11591.0
2807920028,11896.0
2807920029,10061.0
2807920031,8738.0
2807920032,8484.0
2807920033,7901.0
2807920034,7404.0
2807920035,7604.0
2807920036,7524.0
2807920037,11120.0
2807920038,11234.0
2807920039,11941.0
2807920040,11863.0
2807920041,10839.0
2807920042,9530.0
2807920043,10231.0
2807920044,8653.0
2807920046,8442.0
2807920047,8896.0
2807920048,8307.0
2807920049,9304.0
2807920050,8784.0
2807920051,9029.0
2807920053,8322.0
2807920055,14721.0
2807920056,10986.0
2807920058,9605.0
2807920059,9649.0
2807920062,14106.0
2807920063,14353.0
2807920064,14174.0
2807920065,12668.0
2807920066,14579.0
2807920067,16441.0
2807920068,16733.0
2807920069,11711.0
2807920070,12715.0
2807920071,15196.0
2807920072,14823.0
2807920073,8631.0
2807920074,9825.0
2807920075,9938.0
2807920076,10470.0
2807920077,13608.0
2807920078,11371.0
2807920079,8621.0
2807920080,9673.0
2807920082,11166.0
2807920083,11004.0
2807920084,17227.0
2807920085,9858.0
2807920086,12129.0
2807920087,10369.0
2807920088,12050.0
2807920090,16095.0
2807920091,10071.0
2807920092,12100.0
2807920093,16040.0
2807920095,18109.0
2807920096,21873.0
2807920097,18098.0
2807920098,17159.0
2807920099,25011.0
2807920100,12231.0
2807920101,16963.0
2807920102,14072.0
2807920103,14700.0
2807920104,17040.0
2807920105,18993.0
2807920106,14756.0
2807920107,15382.0
2807920108,21335.0
2807920109,11077.0
2807920110,16890.0
2807920111,12978.0
2807920112,15519.0
2807920113,17030.0
2807920114,15946.0
2807920115,14073.0
2807920116,14988.0
2807920117,17678.0
2807920118,19395.0
2807920119,18147.0
2807920120,17401.0
2807920121,15793.0
2807920122,22785.0
2807920123,
2807920124,
2807920125,
2807920126,
2807921001,25231.0
2807921002,21249.0
2807921003,18325.0
2807921004,19466.0
2807921005,23448.0
2807921006,20286.0
2807921007,17784.0
2807921008,16493.0
2807921009,16058.0
2807921010,17793.0
2807921011,18242.0
2807921012,18167.0
2807921013,17947.0
2807921014,18673.0
2807921015,9669.0
2807921017,11537.0
2807921018,11444.0
2807921019,11817.0
2807921020,12902.0
2807921021,12213.0
2807921022,12565.0
2807921023,11490.0
2807921025,19452.0
2807921026,15653.0
2807921027,24273.0
2807921028,18244.0
2807921029,26593.0
2807921030,15600.0
2807921031,17488.0
2807921032,20249.0
2807921033,
